-1 1 -1 1 -1 1 -1 0 1 -3 6 -10 15
-0.98 1 -0.98 0.9406 -0.88298 0.808861 -0.720446 0 1 -2.94 5.703 -9.12086 12.9827
-0.96 1 -0.96 0.8824 -0.77184 0.634891 -0.47962 0 1 -2.88 5.412 -8.28288 11.126
-0.94 1 -0.94 0.8254 -0.66646 0.477277 -0.274384 0 1 -2.82 5.127 -7.48522 9.42249
-0.92 1 -0.92 0.7696 -0.56672 0.335219 -0.101747 0 1 -2.76 4.848 -6.72704 7.86497
-0.9 1 -0.9 0.715 -0.4725 0.207937 0.0411413 0 1 -2.7 4.575 -6.0075 6.44644
-0.88 1 -0.88 0.6616 -0.38368 0.0946672 0.156991 0 1 -2.64 4.308 -5.32576 5.16
-0.86 1 -0.86 0.6094 -0.30014 -0.0053393 0.248377 0 1 -2.58 4.047 -4.68098 3.99895
-0.84 1 -0.84 0.5584 -0.22176 -0.0928128 0.317741 0 1 -2.52 3.792 -4.07232 2.95668
-0.82 1 -0.82 0.5086 -0.14842 -0.168467 0.367394 0 1 -2.46 3.543 -3.49894 2.02679
-0.8 1 -0.8 0.46 -0.08 -0.233 0.39952 0 1 -2.4 3.3 -2.96 1.203
-0.78 1 -0.78 0.4126 -0.01638 -0.287091 0.41618 0 1 -2.34 3.063 -2.45466 0.479178
-0.76 1 -0.76 0.3664 0.04256 -0.331405 0.419314 0 1 -2.28 2.832 -1.98208 -0.150643
-0.74 1 -0.74 0.3214 0.09694 -0.366587 0.410742 0 1 -2.22 2.607 -1.54142 -0.692286
-0.72 1 -0.72 0.2776 0.14688 -0.393269 0.392172 0 1 -2.16 2.388 -1.13184 -1.15142
-0.7 1 -0.7 0.235 0.1925 -0.412062 0.365199 0 1 -2.1 2.175 -0.7525 -1.53356
-0.68 1 -0.68 0.1936 0.23392 -0.423565 0.331307 0 1 -2.04 1.968 -0.40256 -1.84408
-0.66 1 -0.66 0.1534 0.27126 -0.428355 0.291878 0 1 -1.98 1.767 -0.08118 -2.0882
-0.64 1 -0.64 0.1144 0.30464 -0.426997 0.248188 0 1 -1.92 1.572 0.21248 -2.27097
-0.62 1 -0.62 0.0766 0.33418 -0.420035 0.201415 0 1 -1.86 1.383 0.47926 -2.39732
-0.6 1 -0.6 0.04 0.36 -0.408 0.15264 0 1 -1.8 1.2 0.72 -2.472
-0.58 1 -0.58 0.0046 0.38222 -0.391403 0.102849 0 1 -1.74 1.023 0.93554 -2.49963
-0.56 1 -0.56 -0.0296 0.40096 -0.370741 0.0529387 0 1 -1.68 0.852 1.12672 -2.48467
-0.54 1 -0.54 -0.0626 0.41634 -0.346491 0.00371754 0 1 -1.62 0.687 1.29438 -2.43142
-0.52 1 -0.52 -0.0944 0.42848 -0.319117 -0.0440907 0 1 -1.56 0.528 1.43936 -2.34405
-0.5 1 -0.5 -0.125 0.4375 -0.289062 -0.0898438 0 1 -1.5 0.375 1.5625 -2.22656
-0.48 1 -0.48 -0.1544 0.44352 -0.256757 -0.132978 0 1 -1.44 0.228 1.66464 -2.08281
-0.46 1 -0.46 -0.1826 0.44666 -0.222611 -0.173006 0 1 -1.38 0.087 1.74662 -1.9165
-0.44 1 -0.44 -0.2096 0.44704 -0.187021 -0.209512 0 1 -1.32 -0.048 1.80928 -1.73119
-0.42 1 -0.42 -0.2354 0.44478 -0.150363 -0.242149 0 1 -1.26 -0.177 1.85346 -1.53027
-0.4 1 -0.4 -0.26 0.44 -0.113 -0.27064 0 1 -1.2 -0.3 1.88 -1.317
-0.38 1 -0.38 -0.2834 0.43282 -0.0752753 -0.294768 0 1 -1.14 -0.417 1.88974 -1.09448
-0.36 1 -0.36 -0.3056 0.42336 -0.0375168 -0.314377 0 1 -1.08 -0.528 1.88352 -0.865651
-0.34 1 -0.34 -0.3266 0.41174 -3.53e-05 -0.32937 0 1 -1.02 -0.633 1.86218 -0.633318
-0.32 1 -0.32 -0.3464 0.39808 0.0368752 -0.339704 0 1 -0.96 -0.732 1.82656 -0.400123
-0.3 1 -0.3 -0.365 0.3825 0.0729375 -0.345386 0 1 -0.9 -0.825 1.7775 -0.168563
-0.28 1 -0.28 -0.3824 0.36512 0.107891 -0.346473 0 1 -0.84 -0.912 1.71584 0.0590208
-0.26 1 -0.26 -0.3986 0.34606 0.141493 -0.343067 0 1 -0.78 -0.993 1.64242 0.280434
-0.24 1 -0.24 -0.4136 0.32544 0.173515 -0.335311 0 1 -0.72 -1.068 1.55808 0.493637
-0.22 1 -0.22 -0.4274 0.30338 0.203749 -0.323388 0 1 -0.66 -1.137 1.46366 0.696738
-0.2 1 -0.2 -0.44 0.28 0.232 -0.30752 0 1 -0.6 -1.2 1.36 0.888
-0.18 1 -0.18 -0.4514 0.25542 0.258093 -0.287958 0 1 -0.54 -1.257 1.24794 1.06583
-0.16 1 -0.16 -0.4616 0.22976 0.281867 -0.264986 0 1 -0.48 -1.308 1.12832 1.2288
-0.14 1 -0.14 -0.4706 0.20314 0.303181 -0.238914 0 1 -0.42 -1.353 1.00198 1.37563
-0.12 1 -0.12 -0.4784 0.17568 0.321907 -0.210076 0 1 -0.36 -1.392 0.86976 1.50516
-0.1 1 -0.1 -0.485 0.1475 0.337938 -0.178829 0 1 -0.3 -1.425 0.7325 1.61644
-0.08 1 -0.08 -0.4904 0.11872 0.351179 -0.145546 0 1 -0.24 -1.452 0.59104 1.70861
-0.06 1 -0.06 -0.4946 0.08946 0.361557 -0.110616 0 1 -0.18 -1.473 0.44622 1.78101
-0.04 1 -0.04 -0.4976 0.05984 0.369011 -0.0744408 0 1 -0.12 -1.488 0.29888 1.8331
-0.02 1 -0.02 -0.4994 0.02998 0.373501 -0.03743 0 1 -0.06 -1.497 0.14986 1.86451
0 1 0 -0.5 -0 0.375 0 0 1 0 -1.5 -0 1.875
0.02 1 0.02 -0.4994 -0.02998 0.373501 0.03743 0 1 0.06 -1.497 -0.14986 1.86451
0.04 1 0.04 -0.4976 -0.05984 0.369011 0.0744408 0 1 0.12 -1.488 -0.29888 1.8331
0.06 1 0.06 -0.4946 -0.08946 0.361557 0.110616 0 1 0.18 -1.473 -0.44622 1.78101
0.08 1 0.08 -0.4904 -0.11872 0.351179 0.145546 0 1 0.24 -1.452 -0.59104 1.70861
0.1 1 0.1 -0.485 -0.1475 0.337937 0.178829 0 1 0.3 -1.425 -0.7325 1.61644
0.12 1 0.12 -0.4784 -0.17568 0.321907 0.210076 0 1 0.36 -1.392 -0.86976 1.50516
0.14 1 0.14 -0.4706 -0.20314 0.303181 0.238914 0 1 0.42 -1.353 -1.00198 1.37563
0.16 1 0.16 -0.4616 -0.22976 0.281867 0.264986 0 1 0.48 -1.308 -1.12832 1.2288
0.18 1 0.18 -0.4514 -0.25542 0.258093 0.287958 0 1 0.54 -1.257 -1.24794 1.06583
0.2 1 0.2 -0.44 -0.28 0.232 0.30752 0 1 0.6 -1.2 -1.36 0.888
0.22 1 0.22 -0.4274 -0.30338 0.203749 0.323388 0 1 0.66 -1.137 -1.46366 0.696738
0.24 1 0.24 -0.4136 -0.32544 0.173515 0.335311 0 1 0.72 -1.068 -1.55808 0.493637
0.26 1 0.26 -0.3986 -0.34606 0.141493 0.343067 0 1 0.78 -0.993 -1.64242 0.280434
0.28 1 0.28 -0.3824 -0.36512 0.107891 0.346473 0 1 0.84 -0.912 -1.71584 0.0590208
0.3 1 0.3 -0.365 -0.3825 0.0729375 0.345386 0 1 0.9 -0.825 -1.7775 -0.168563
0.32 1 0.32 -0.3464 -0.39808 0.0368752 0.339704 0 1 0.96 -0.732 -1.82656 -0.400123
0.34 1 0.34 -0.3266 -0.41174 -3.53e-05 0.32937 0 1 1.02 -0.633 -1.86218 -0.633318
0.36 1 0.36 -0.3056 -0.42336 -0.0375168 0.314377 0 1 1.08 -0.528 -1.88352 -0.865651
0.38 1 0.38 -0.2834 -0.43282 -0.0752753 0.294768 0 1 1.14 -0.417 -1.88974 -1.09448
0.4 1 0.4 -0.26 -0.44 -0.113 0.27064 0 1 1.2 -0.3 -1.88 -1.317
0.42 1 0.42 -0.2354 -0.44478 -0.150363 0.242149 0 1 1.26 -0.177 -1.85346 -1.53027
0.44 1 0.44 -0.2096 -0.44704 -0.187021 0.209512 0 1 1.32 -0.048 -1.80928 -1.73119
0.46 1 0.46 -0.1826 -0.44666 -0.222611 0.173006 0 1 1.38 0.087 -1.74662 -1.9165
0.48 1 0.48 -0.1544 -0.44352 -0.256757 0.132978 0 1 1.44 0.228 -1.66464 -2.08281
0.5 1 0.5 -0.125 -0.4375 -0.289062 0.0898438 0 1 1.5 0.375 -1.5625 -2.22656
0.52 1 0.52 -0.0944 -0.42848 -0.319117 0.0440907 0 1 1.56 0.528 -1.43936 -2.34405
0.54 1 0.54 -0.0626 -0.41634 -0.346491 -0.00371754 0 1 1.62 0.687 -1.29438 -2.43142
0.56 1 0.56 -0.0296 -0.40096 -0.370741 -0.0529387 0 1 1.68 0.852 -1.12672 -2.48467
0.58 1 0.58 0.0046 -0.38222 -0.391403 -0.102849 0 1 1.74 1.023 -0.93554 -2.49963
0.6 1 0.6 0.04 -0.36 -0.408 -0.15264 0 1 1.8 1.2 -0.72 -2.472
0.62 1 0.62 0.0766 -0.33418 -0.420035 -0.201415 0 1 1.86 1.383 -0.47926 -2.39732
0.64 1 0.64 0.1144 -0.30464 -0.426997 -0.248188 0 1 1.92 1.572 -0.21248 -2.27097
0.66 1 0.66 0.1534 -0.27126 -0.428355 -0.291878 0 1 1.98 1.767 0.08118 -2.0882
0.68 1 0.68 0.1936 -0.23392 -0.423565 -0.331307 0 1 2.04 1.968 0.40256 -1.84408
0.7 1 0.7 0.235 -0.1925 -0.412062 -0.365199 0 1 2.1 2.175 0.7525 -1.53356
0.72 1 0.72 0.2776 -0.14688 -0.393269 -0.392172 0 1 2.16 2.388 1.13184 -1.15142
0.74 1 0.74 0.3214 -0.09694 -0.366587 -0.410742 0 1 2.22 2.607 1.54142 -0.692286
0.76 1 0.76 0.3664 -0.04256 -0.331405 -0.419314 0 1 2.28 2.832 1.98208 -0.150643
0.78 1 0.78 0.4126 0.01638 -0.287091 -0.41618 0 1 2.34 3.063 2.45466 0.479178
0.8 1 0.8 0.46 0.08 -0.233 -0.39952 0 1 2.4 3.3 2.96 1.203
0.82 1 0.82 0.5086 0.14842 -0.168467 -0.367394 0 1 2.46 3.543 3.49894 2.02679
0.84 1 0.84 0.5584 0.22176 -0.0928128 -0.317741 0 1 2.52 3.792 4.07232 2.95668
0.86 1 0.86 0.6094 0.30014 -0.0053393 -0.248377 0 1 2.58 4.047 4.68098 3.99895
0.88 1 0.88 0.6616 0.38368 0.0946672 -0.156991 0 1 2.64 4.308 5.32576 5.16
0.9 1 0.9 0.715 0.4725 0.207937 -0.0411413 0 1 2.7 4.575 6.0075 6.44644
0.92 1 0.92 0.7696 0.56672 0.335219 0.101747 0 1 2.76 4.848 6.72704 7.86497
0.94 1 0.94 0.8254 0.66646 0.477277 0.274384 0 1 2.82 5.127 7.48522 9.42249
0.96 1 0.96 0.8824 0.77184 0.634891 0.47962 0 1 2.88 5.412 8.28288 11.126
0.98 1 0.98 0.9406 0.88298 0.808861 0.720446 0 1 2.94 5.703 9.12086 12.9827
1 1 1 1 1 1 1 0 1 3 6 10 15
